{
  "advancedEditorSelectedIdentifier" : "ProjectBrowser",
  "openSceneRelativePaths" : [
    "Cell.usda"
  ],
  "recentIdentifiers" : {
    "C5E9D6A8-5AB8-48C3-B4C3-4E158F90CD67" : [

    ]
  },
  "sceneCameraHistory" : {
    "C5E9D6A8-5AB8-48C3-B4C3-4E158F90CD67" : [
      {
        "date" : 770842320.573093,
        "title" : "Untitled",
        "transform" : [
          0.99971855,
          -1.15772735e-07,
          0.023726158,
          0,
          0.011315473,
          0.87895036,
          -0.47677895,
          0,
          -0.020853966,
          0.4769134,
          0.8787028,
          0,
          0.020945475,
          0.618212,
          1.1713434,
          1
        ]
      },
      {
        "date" : 770842317.5331,
        "title" : "Untitled",
        "transform" : [
          0.9997184,
          -1.1577272e-07,
          0.023726154,
          0,
          0.011315473,
          0.87895036,
          -0.47677895,
          0,
          -0.020853966,
          0.4769134,
          0.8787028,
          0,
          -0.13451456,
          0.30701336,
          0.9087978,
          1
        ]
      },
      {
        "date" : 770842183.906507,
        "title" : "Untitled",
        "transform" : [
          0.9996966,
          -1.1606171e-07,
          0.024628688,
          0,
          0.00921145,
          0.9274261,
          -0.37389296,
          0,
          -0.022841156,
          0.3740066,
          0.9271447,
          0,
          -0.09399749,
          0.13920681,
          0.6478237,
          1
        ]
      },
      {
        "date" : 770841732.325154,
        "title" : "Untitled",
        "transform" : [
          0.9712624,
          -1.1615344e-07,
          0.238011,
          0,
          0.08050333,
          0.9410624,
          -0.32851297,
          0,
          -0.2239831,
          0.33823314,
          0.9140186,
          0,
          -0.22101459,
          0.40186572,
          1.1118245,
          1
        ]
      },
      {
        "date" : 770841615.717707,
        "title" : "Untitled",
        "transform" : [
          0.9712624,
          -1.1615344e-07,
          0.238011,
          0,
          0.08050333,
          0.9410624,
          -0.32851297,
          0,
          -0.2239831,
          0.33823314,
          0.9140186,
          0,
          -0.0475197,
          0.11575723,
          0.49405482,
          1
        ]
      },
      {
        "date" : 770841607.474578,
        "title" : "Untitled",
        "transform" : [
          0.9712624,
          -1.1615344e-07,
          0.238011,
          0,
          0.08050333,
          0.9410624,
          -0.32851297,
          0,
          -0.2239831,
          0.33823314,
          0.9140186,
          0,
          -0.057002738,
          0.124232486,
          0.50618744,
          1
        ]
      },
      {
        "date" : 770841601.400005,
        "title" : "Untitled",
        "transform" : [
          0.9712624,
          -1.1615344e-07,
          0.238011,
          0,
          0.08050333,
          0.9410624,
          -0.32851297,
          0,
          -0.2239831,
          0.33823314,
          0.9140186,
          0,
          -0.38830224,
          0.6166517,
          1.6437536,
          1
        ]
      },
      {
        "date" : 770841588.255093,
        "title" : "Untitled",
        "transform" : [
          0.9669289,
          -1.1882288e-07,
          0.255046,
          0,
          0.05186368,
          0.9791061,
          -0.1966247,
          0,
          -0.24971704,
          0.20334986,
          0.9467261,
          0,
          -0.1312909,
          0.06692062,
          0.6519467,
          1
        ]
      },
      {
        "date" : 770841418.091787,
        "title" : "Untitled",
        "transform" : [
          0.96855116,
          -1.1882288e-07,
          0.24881452,
          0,
          0.05059651,
          0.9791061,
          -0.19695458,
          0,
          -0.24361575,
          0.20334986,
          0.9483144,
          0,
          -0.28004116,
          0.3391594,
          1.6173357,
          1
        ]
      },
      {
        "date" : 770841416.570505,
        "title" : "Untitled",
        "transform" : [
          0.96855116,
          -1.1882288e-07,
          0.24881452,
          0,
          0.05059651,
          0.9791061,
          -0.19695458,
          0,
          -0.24361575,
          0.20334986,
          0.9483144,
          0,
          -0.09174045,
          0.11110737,
          0.5298332,
          1
        ]
      }
    ]
  },
  "sceneViewportBackgroundColors" : {

  },
  "selectedSceneRelativePath" : "Cell.usda"
}