{
  "advancedEditorSelectedIdentifier" : "BehaviorsPluginID",
  "openSceneRelativePaths" : [
    "Cell.usda"
  ],
  "recentIdentifiers" : {
    "C5E9D6A8-5AB8-48C3-B4C3-4E158F90CD67" : [

    ]
  },
  "sceneCameraHistory" : {
    "C5E9D6A8-5AB8-48C3-B4C3-4E158F90CD67" : [
      {
        "date" : 771005925.227636,
        "title" : "Untitled",
        "transform" : [
          0.9975137,
          -1.5579808e-05,
          0.07047306,
          0,
          0.013132078,
          0.9825261,
          -0.1856613,
          0,
          -0.06923873,
          0.18612514,
          0.98008347,
          0,
          0.098283716,
          0.46899194,
          1.2403884,
          1
        ]
      },
      {
        "date" : 771005465.901496,
        "title" : "Untitled",
        "transform" : [
          0.9975137,
          -1.5579808e-05,
          0.07047306,
          0,
          0.013132078,
          0.9825261,
          -0.1856613,
          0,
          -0.06923873,
          0.18612514,
          0.98008347,
          0,
          0.04276589,
          0.20407103,
          0.5397264,
          1
        ]
      },
      {
        "date" : 771005447.042669,
        "title" : "Untitled",
        "transform" : [
          0.9975137,
          -1.5579808e-05,
          0.07047306,
          0,
          0.013132078,
          0.9825261,
          -0.1856613,
          0,
          -0.06923873,
          0.18612514,
          0.98008347,
          0,
          0.069700435,
          0.18544215,
          0.48255622,
          1
        ]
      },
      {
        "date" : 771005393.229703,
        "title" : "Untitled",
        "transform" : [
          0.9992191,
          -1.841501e-07,
          -0.039513614,
          0,
          -0.0016999105,
          0.99907404,
          -0.042991944,
          0,
          0.039477028,
          0.043025535,
          0.99829376,
          0,
          0.051321317,
          0.10350605,
          0.35910028,
          1
        ]
      },
      {
        "date" : 771004832.825563,
        "title" : "Untitled",
        "transform" : [
          0.99971855,
          -1.1510319e-07,
          0.023726158,
          0,
          0.011861664,
          0.86606216,
          -0.4997955,
          0,
          -0.02054827,
          0.49993622,
          0.8658184,
          0,
          0.08608962,
          0.2585069,
          0.59264505,
          1
        ]
      },
      {
        "date" : 771004795.786081,
        "title" : "Untitled",
        "transform" : [
          0.99971855,
          -1.1586502e-07,
          0.023726156,
          0,
          0.011315419,
          0.8789504,
          -0.47677898,
          0,
          -0.020854058,
          0.4769132,
          0.878703,
          0,
          0.21041654,
          0.0007178498,
          0.4235877,
          1
        ]
      },
      {
        "date" : 771004566.952691,
        "title" : "Untitled",
        "transform" : [
          0.99971855,
          -1.1586502e-07,
          0.023726156,
          0,
          0.011315419,
          0.8789504,
          -0.47677898,
          0,
          -0.020854058,
          0.4769132,
          0.878703,
          0,
          0.21154329,
          -0.025051832,
          0.3761077,
          1
        ]
      },
      {
        "date" : 771004351.622201,
        "title" : "Untitled",
        "transform" : [
          0.99971855,
          -1.15772735e-07,
          0.023726158,
          0,
          0.011315473,
          0.87895036,
          -0.47677895,
          0,
          -0.020853966,
          0.4769134,
          0.8787028,
          0,
          0.020283576,
          0.5986758,
          1.134328,
          1
        ]
      },
      {
        "date" : 771004343.832603,
        "title" : "Untitled",
        "transform" : [
          0.99971855,
          -1.15772735e-07,
          0.023726158,
          0,
          0.011315473,
          0.87895036,
          -0.47677895,
          0,
          -0.020853966,
          0.4769134,
          0.8787028,
          0,
          0.014873106,
          0.4389841,
          0.8317555,
          1
        ]
      },
      {
        "date" : 770842320.573093,
        "title" : "Untitled",
        "transform" : [
          0.99971855,
          -1.15772735e-07,
          0.023726158,
          0,
          0.011315473,
          0.87895036,
          -0.47677895,
          0,
          -0.020853966,
          0.4769134,
          0.8787028,
          0,
          0.020945475,
          0.618212,
          1.1713434,
          1
        ]
      }
    ]
  },
  "sceneViewportBackgroundColors" : {

  },
  "selectedSceneRelativePath" : "Cell.usda"
}