{
  "advancedEditorSelectedIdentifier" : "BehaviorsPluginID",
  "openSceneRelativePaths" : [
    "Cell.usda"
  ],
  "recentIdentifiers" : {
    "C5E9D6A8-5AB8-48C3-B4C3-4E158F90CD67" : [

    ]
  },
  "sceneCameraHistory" : {
    "C5E9D6A8-5AB8-48C3-B4C3-4E158F90CD67" : [
      {
        "date" : 771010689.959237,
        "title" : "Untitled",
        "transform" : [
          0.99842924,
          -1.8765916e-11,
          0.056028295,
          0,
          -0.00029633235,
          0.99998605,
          0.0052806693,
          0,
          -0.05602751,
          -0.005288977,
          0.99841523,
          0,
          -0.06406597,
          -0.05277127,
          2.1256733,
          1
        ]
      },
      {
        "date" : 771010679.045648,
        "title" : "Untitled",
        "transform" : [
          0.98970723,
          -1.0511878e-05,
          0.1431068,
          0,
          -0.020190507,
          0.9899869,
          0.13970755,
          0,
          -0.14167535,
          -0.14115897,
          0.97979707,
          0,
          -0.018904354,
          -0.015571558,
          0.62723607,
          1
        ]
      },
      {
        "date" : 771010536.808262,
        "title" : "Untitled",
        "transform" : [
          0.98970723,
          -1.0511878e-05,
          0.1431068,
          0,
          -0.020190507,
          0.9899869,
          0.13970755,
          0,
          -0.14167534,
          -0.14115895,
          0.97979695,
          0,
          -0.08874639,
          -0.0731006,
          2.944557,
          1
        ]
      },
      {
        "date" : 771010522.249533,
        "title" : "Untitled",
        "transform" : [
          0.99982566,
          -1.0510843e-05,
          -0.018674115,
          0,
          0.0009961884,
          0.998606,
          0.05277413,
          0,
          0.018647598,
          -0.052783504,
          0.99843186,
          0,
          0.16763033,
          0.08070423,
          1.2592553,
          1
        ]
      },
      {
        "date" : 771010385.561157,
        "title" : "Untitled",
        "transform" : [
          0.9140389,
          -1.0510368e-05,
          0.40562674,
          0,
          -0.02627311,
          0.99789864,
          0.059229676,
          0,
          -0.4047749,
          -0.06479527,
          0.91211784,
          0,
          -0.38062534,
          0.065511554,
          1.2129177,
          1
        ]
      },
      {
        "date" : 771010366.495732,
        "title" : "Untitled",
        "transform" : [
          0.9878094,
          -1.0512281e-05,
          -0.15566869,
          0,
          -0.013442319,
          0.996259,
          -0.085366696,
          0,
          0.1550872,
          0.086418584,
          0.9841138,
          0,
          0.46736535,
          0.35588673,
          1.6750027,
          1
        ]
      },
      {
        "date" : 771010361.459668,
        "title" : "Untitled",
        "transform" : [
          0.9790624,
          -1.0510839e-05,
          0.20356072,
          0,
          0.03329846,
          0.9865384,
          -0.16010405,
          0,
          -0.20081879,
          0.16353011,
          0.96588296,
          0,
          -0.09885665,
          0.3261336,
          1.1338205,
          1
        ]
      },
      {
        "date" : 771010351.981115,
        "title" : "Untitled",
        "transform" : [
          0.9790624,
          -1.0510839e-05,
          0.20356072,
          0,
          0.03329846,
          0.9865384,
          -0.16010405,
          0,
          -0.20081879,
          0.16353011,
          0.96588296,
          0,
          -0.07714079,
          0.25449178,
          0.884754,
          1
        ]
      },
      {
        "date" : 771010339.268583,
        "title" : "Untitled",
        "transform" : [
          0.99720293,
          2.3652684e-09,
          -0.07474215,
          0,
          -0.017457852,
          0.972339,
          -0.23292105,
          0,
          0.0726747,
          0.23357438,
          0.9696192,
          0,
          -0.14117047,
          0.4657292,
          1.619132,
          1
        ]
      },
      {
        "date" : 771010308.107417,
        "title" : "Untitled",
        "transform" : [
          0.9640694,
          -0.0006296026,
          0.26564994,
          0,
          0.094311185,
          0.9356674,
          -0.34004688,
          0,
          -0.24834599,
          0.35288253,
          0.90210766,
          0,
          -0.12685476,
          0.4185009,
          1.45494,
          1
        ]
      }
    ]
  },
  "sceneViewportBackgroundColors" : {

  },
  "selectedSceneRelativePath" : "Cell.usda"
}